We can convert a simple string to hexa:
SALUT -> 0x52 0x41 0x4c 0x56 0x54

Then, we can convert to binar

SALUT -> 010010010 01000001 01001100 01010110 01010100

Let's choose a key: TILT

Hexa
TILTT -> 0x54 0x49 0x4c 0x54

Binar:
TILTT -> 01010100 01001001 01001100 01010100 01010100

Now, we apply XOR:

SALUT -> 01010010 01000001 01001100 01010110 01010100
TILTT -> 01010100 01001001 01001100 01010100 01010100

XOR ->   00000110 00001000 00000000 00000010 00000000

Pentru decriptare aplicăm din nou XOR:

XOR ->   00000110 00001000 00000000 00000010 00000000
TILTT -> 01010100 01001001 01001100 01010100 01010100

Dec ->   01010010 01000001 01001100 01010110 01010100

